0 
1 
2 
3 391 268 31 118 585 273 37 120 106 259 21 94 232 318 43 133 513 279 37 109 372 263 34 143 202 270 53 171 263 271 35 130 78 245 41 122 340 277 40 134 1 231 79 273 609 266 54 168 463 251 49 175 715 249 72 234 424 260 50 180 
4 391 268 31 118 585 273 37 120 106 259 21 94 232 318 43 133 513 279 37 109 372 263 34 143 202 270 53 171 263 271 35 130 78 245 41 122 340 277 40 134 1 231 79 273 609 266 54 168 463 251 49 175 715 249 72 234 424 260 50 180 
5 391 268 31 118 585 273 37 120 106 259 21 94 232 318 43 133 513 279 37 109 372 263 34 143 202 270 53 171 263 271 35 130 78 245 41 122 340 277 40 134 1 231 79 273 609 266 54 168 463 251 49 175 715 249 72 234 424 260 50 180 
6 391 268 31 118 585 273 37 120 106 259 21 94 232 318 43 133 513 279 37 109 372 263 34 143 202 270 53 171 263 271 35 130 78 245 41 122 340 277 40 134 1 231 79 273 609 266 54 168 463 251 49 175 715 249 72 234 424 260 50 180 
7 146 256 22 107 562 285 27 101 514 280 36 109 589 274 36 119 194 260 51 186 202 302 52 150 374 262 36 145 1 249 68 242 78 245 39 123 610 268 53 166 265 268 37 131 329 278 51 134 717 250 70 234 463 251 50 178 420 253 49 188 
8 146 256 22 107 562 285 27 101 514 280 36 109 589 274 36 119 194 260 51 186 202 302 52 150 374 262 36 145 1 249 68 242 78 245 39 123 610 268 53 166 265 268 37 131 329 278 51 134 717 250 70 234 463 251 50 178 420 253 49 188 
9 146 256 22 107 562 285 27 101 514 280 36 109 589 274 36 119 194 260 51 186 202 302 52 150 374 262 36 145 1 249 68 242 78 245 39 123 610 268 53 166 265 268 37 131 329 278 51 134 717 250 70 234 463 251 50 178 420 253 49 188 
10 146 256 22 107 562 285 27 101 514 280 36 109 589 274 36 119 194 260 51 186 202 302 52 150 374 262 36 145 1 249 68 242 78 245 39 123 610 268 53 166 265 268 37 131 329 278 51 134 717 250 70 234 463 251 50 178 420 253 49 188 
11 562 285 27 101 63 251 37 121 102 257 23 94 514 281 36 107 589 276 37 116 207 322 39 123 19 258 49 123 78 246 40 120 612 274 53 157 371 265 39 143 274 266 31 137 176 262 47 182 718 251 68 234 321 275 43 135 415 255 50 179 459 252 56 176 
12 562 285 27 101 63 251 37 121 102 257 23 94 514 281 36 107 589 276 37 116 207 322 39 123 19 258 49 123 78 246 40 120 612 274 53 157 371 265 39 143 274 266 31 137 176 262 47 182 718 251 68 234 321 275 43 135 415 255 50 179 459 252 56 176 
13 562 285 27 101 63 251 37 121 102 257 23 94 514 281 36 107 589 276 37 116 207 322 39 123 19 258 49 123 78 246 40 120 612 274 53 157 371 265 39 143 274 266 31 137 176 262 47 182 718 251 68 234 321 275 43 135 415 255 50 179 459 252 56 176 
14 562 285 27 101 63 251 37 121 102 257 23 94 514 281 36 107 589 276 37 116 207 322 39 123 19 258 49 123 78 246 40 120 612 274 53 157 371 265 39 143 274 266 31 137 176 262 47 182 718 251 68 234 321 275 43 135 415 255 50 179 459 252 56 176 
15 562 285 27 101 514 281 36 106 589 276 36 118 200 321 37 118 280 268 31 132 613 273 52 157 313 275 39 136 78 245 42 119 16 261 53 116 164 260 54 184 375 266 34 139 716 248 65 238 411 254 50 178 459 255 56 170 
16 562 285 27 101 514 281 36 106 589 276 36 118 200 321 37 118 280 268 31 132 613 273 52 157 313 275 39 136 78 245 42 119 16 261 53 116 164 260 54 184 375 266 34 139 716 248 65 238 411 254 50 178 459 255 56 170 
17 562 285 27 101 514 281 36 106 589 276 36 118 200 321 37 118 280 268 31 132 613 273 52 157 313 275 39 136 78 245 42 119 16 261 53 116 164 260 54 184 375 266 34 139 716 248 65 238 411 254 50 178 459 255 56 170 
18 562 285 27 101 514 281 36 106 589 276 36 118 200 321 37 118 280 268 31 132 613 273 52 157 313 275 39 136 78 245 42 119 16 261 53 116 164 260 54 184 375 266 34 139 716 248 65 238 411 254 50 178 459 255 56 170 
19 129 262 26 88 562 285 27 101 589 277 35 116 514 282 36 105 335 276 24 93 61 252 41 119 282 266 34 141 75 248 45 116 298 272 44 139 614 275 49 156 412 259 47 165 401 264 47 162 377 265 33 146 16 260 53 117 712 247 66 243 132 254 83 194 459 254 57 173 
20 129 262 26 88 562 285 27 101 589 277 35 116 514 282 36 105 335 276 24 93 61 252 41 119 282 266 34 141 75 248 45 116 298 272 44 139 614 275 49 156 412 259 47 165 401 264 47 162 377 265 33 146 16 260 53 117 712 247 66 243 132 254 83 194 459 254 57 173 
21 129 262 26 88 562 285 27 101 589 277 35 116 514 282 36 105 335 276 24 93 61 252 41 119 282 266 34 141 75 248 45 116 298 272 44 139 614 275 49 156 412 259 47 165 401 264 47 162 377 265 33 146 16 260 53 117 712 247 66 243 132 254 83 194 459 254 57 173 
22 129 262 26 88 562 285 27 101 589 277 35 116 514 282 36 105 335 276 24 93 61 252 41 119 282 266 34 141 75 248 45 116 298 272 44 139 614 275 49 156 412 259 47 165 401 264 47 162 377 265 33 146 16 260 53 117 712 247 66 243 132 254 83 194 459 254 57 173 
23 588 276 37 117 75 248 43 117 333 279 25 88 513 280 38 108 63 251 43 119 612 274 51 158 168 321 40 122 131 252 49 192 375 265 32 147 16 259 52 120 711 246 66 244 284 267 42 145 395 258 56 169 460 252 58 177 
24 588 276 37 117 75 248 43 117 333 279 25 88 513 280 38 108 63 251 43 119 612 274 51 158 168 321 40 122 131 252 49 192 375 265 32 147 16 259 52 120 711 246 66 244 284 267 42 145 395 258 56 169 460 252 58 177 
25 588 276 37 117 75 248 43 117 333 279 25 88 513 280 38 108 63 251 43 119 612 274 51 158 168 321 40 122 131 252 49 192 375 265 32 147 16 259 52 120 711 246 66 244 284 267 42 145 395 258 56 169 460 252 58 177 
26 588 276 37 117 75 248 43 117 333 279 25 88 513 280 38 108 63 251 43 119 612 274 51 158 168 321 40 122 131 252 49 192 375 265 32 147 16 259 52 120 711 246 66 244 284 267 42 145 395 258 56 169 460 252 58 177 
27 427 266 22 92 558 265 36 122 589 275 38 119 372 264 29 147 337 277 22 89 513 279 38 110 75 248 40 112 612 274 53 158 64 252 41 115 153 318 42 124 16 261 51 119 282 269 38 136 712 247 66 244 386 260 57 165 121 243 44 207 460 250 57 179 
28 427 266 22 92 558 265 36 122 589 275 38 119 372 264 29 147 337 277 22 89 513 279 38 110 75 248 40 112 612 274 53 158 64 252 41 115 153 318 42 124 16 261 51 119 282 269 38 136 712 247 66 244 386 260 57 165 121 243 44 207 460 250 57 179 
29 427 266 22 92 558 265 36 122 589 275 38 119 372 264 29 147 337 277 22 89 513 279 38 110 75 248 40 112 612 274 53 158 64 252 41 115 153 318 42 124 16 261 51 119 282 269 38 136 712 247 66 244 386 260 57 165 121 243 44 207 460 250 57 179 
30 427 266 22 92 558 265 36 122 589 275 38 119 372 264 29 147 337 277 22 89 513 279 38 110 75 248 40 112 612 274 53 158 64 252 41 115 153 318 42 124 16 261 51 119 282 269 38 136 712 247 66 244 386 260 57 165 121 243 44 207 460 250 57 179 
31 589 273 38 121 559 263 36 125 338 277 21 93 303 272 25 120 514 280 38 110 612 272 52 160 63 247 37 124 141 313 39 124 19 259 47 118 263 269 43 134 712 253 68 235 101 254 50 188 381 254 48 168 461 251 57 177 
32 589 273 38 121 559 263 36 125 338 277 21 93 303 272 25 120 514 280 38 110 612 272 52 160 63 247 37 124 141 313 39 124 19 259 47 118 263 269 43 134 712 253 68 235 101 254 50 188 381 254 48 168 461 251 57 177 
33 589 273 38 121 559 263 36 125 338 277 21 93 303 272 25 120 514 280 38 110 612 272 52 160 63 247 37 124 141 313 39 124 19 259 47 118 263 269 43 134 712 253 68 235 101 254 50 188 381 254 48 168 461 251 57 177 
34 589 273 38 121 559 263 36 125 338 277 21 93 303 272 25 120 514 280 38 110 612 272 52 160 63 247 37 124 141 313 39 124 19 259 47 118 263 269 43 134 712 253 68 235 101 254 50 188 381 254 48 168 461 251 57 177 
35 429 263 23 95 346 274 21 92 130 301 41 139 589 275 38 119 515 280 37 109 305 277 27 112 338 275 24 97 59 244 32 130 611 273 55 159 380 255 44 161 18 257 46 121 85 246 59 201 245 278 57 129 707 250 74 239 461 250 57 177 
36 429 263 23 95 346 274 21 92 130 301 41 139 589 275 38 119 515 280 37 109 305 277 27 112 338 275 24 97 59 244 32 130 611 273 55 159 380 255 44 161 18 257 46 121 85 246 59 201 245 278 57 129 707 250 74 239 461 250 57 177 
37 429 263 23 95 346 274 21 92 130 301 41 139 589 275 38 119 515 280 37 109 305 277 27 112 338 275 24 97 59 244 32 130 611 273 55 159 380 255 44 161 18 257 46 121 85 246 59 201 245 278 57 129 707 250 74 239 461 250 57 177 
38 429 263 23 95 346 274 21 92 130 301 41 139 589 275 38 119 515 280 37 109 305 277 27 112 338 275 24 97 59 244 32 130 611 273 55 159 380 255 44 161 18 257 46 121 85 246 59 201 245 278 57 129 707 250 74 239 461 250 57 177 
39 428 265 23 92 336 278 26 92 345 272 24 97 588 275 39 118 514 280 38 108 311 268 34 118 113 311 47 123 612 273 54 158 17 258 47 120 243 271 45 132 374 261 38 157 68 243 53 200 707 250 76 241 461 249 56 179 
40 428 265 23 92 336 278 26 92 345 272 24 97 588 275 39 118 514 280 38 108 311 268 34 118 113 311 47 123 612 273 54 158 17 258 47 120 243 271 45 132 374 261 38 157 68 243 53 200 707 250 76 241 461 249 56 179 
41 428 265 23 92 336 278 26 92 345 272 24 97 588 275 39 118 514 280 38 108 311 268 34 118 113 311 47 123 612 273 54 158 17 258 47 120 243 271 45 132 374 261 38 157 68 243 53 200 707 250 76 241 461 249 56 179 
42 428 265 23 92 336 278 26 92 345 272 24 97 588 275 39 118 514 280 38 108 311 268 34 118 113 311 47 123 612 273 54 158 17 258 47 120 243 271 45 132 374 261 38 157 68 243 53 200 707 250 76 241 461 249 56 179 
43 564 287 26 97 146 262 24 94 0 271 12 96 346 274 23 91 589 276 37 117 397 259 29 132 514 281 38 106 313 264 33 126 612 273 53 156 99 312 42 124 18 256 38 122 368 260 36 152 708 249 77 244 237 266 35 136 51 249 59 197 461 249 56 179 
44 564 287 26 97 146 262 24 94 0 271 12 96 346 274 23 91 589 276 37 117 397 259 29 132 514 281 38 106 313 264 33 126 612 273 53 156 99 312 42 124 18 256 38 122 368 260 36 152 708 249 77 244 237 266 35 136 51 249 59 197 461 249 56 179 
45 564 287 26 97 146 262 24 94 0 271 12 96 346 274 23 91 589 276 37 117 397 259 29 132 514 281 38 106 313 264 33 126 612 273 53 156 99 312 42 124 18 256 38 122 368 260 36 152 708 249 77 244 237 266 35 136 51 249 59 197 461 249 56 179 
46 564 287 26 97 146 262 24 94 0 271 12 96 346 274 23 91 589 276 37 117 397 259 29 132 514 281 38 106 313 264 33 126 612 273 53 156 99 312 42 124 18 256 38 122 368 260 36 152 708 249 77 244 237 266 35 136 51 249 59 197 461 249 56 179 
47 564 287 26 97 589 276 35 117 439 265 22 89 688 244 81 227 514 280 37 108 398 262 30 128 613 272 51 157 79 310 53 126 312 265 34 123 364 261 35 147 20 254 92 188 709 252 77 239 231 266 39 136 462 250 56 177 
48 564 287 26 97 589 276 35 117 439 265 22 89 688 244 81 227 514 280 37 108 398 262 30 128 613 272 51 157 79 310 53 126 312 265 34 123 364 261 35 147 20 254 92 188 709 252 77 239 231 266 39 136 462 250 56 177 
49 564 287 26 97 589 276 35 117 439 265 22 89 688 244 81 227 514 280 37 108 398 262 30 128 613 272 51 157 79 310 53 126 312 265 34 123 364 261 35 147 20 254 92 188 709 252 77 239 231 266 39 136 462 250 56 177 
50 564 287 26 97 589 276 35 117 439 265 22 89 688 244 81 227 514 280 37 108 398 262 30 128 613 272 51 157 79 310 53 126 312 265 34 123 364 261 35 147 20 254 92 188 709 252 77 239 231 266 39 136 462 250 56 177 
51 131 257 20 96 330 274 25 100 0 296 75 277 514 280 37 109 690 253 69 226 438 264 22 90 59 256 49 175 18 266 61 166 623 268 51 163 396 265 31 124 222 267 36 135 717 257 73 233 357 259 40 151 462 249 55 179 
52 131 257 20 96 330 274 25 100 0 296 75 277 514 280 37 109 690 253 69 226 438 264 22 90 59 256 49 175 18 266 61 166 623 268 51 163 396 265 31 124 222 267 36 135 717 257 73 233 357 259 40 151 462 249 55 179 
53 131 257 20 96 330 274 25 100 0 296 75 277 514 280 37 109 690 253 69 226 438 264 22 90 59 256 49 175 18 266 61 166 623 268 51 163 396 265 31 124 222 267 36 135 717 257 73 233 357 259 40 151 462 249 55 179 
54 131 257 20 96 330 274 25 100 0 296 75 277 514 280 37 109 690 253 69 226 438 264 22 90 59 256 49 175 18 266 61 166 623 268 51 163 396 265 31 124 222 267 36 135 717 257 73 233 357 259 40 151 462 249 55 179 
55 60 243 50 101 588 274 35 119 1 340 85 259 515 279 36 109 438 264 22 88 12 249 48 137 333 271 34 130 397 265 31 121 48 312 56 122 623 265 50 165 685 246 61 223 213 269 39 126 364 259 33 150 726 258 68 233 467 250 51 179 
56 60 243 50 101 588 274 35 119 1 340 85 259 515 279 36 109 438 264 22 88 12 249 48 137 333 271 34 130 397 265 31 121 48 312 56 122 623 265 50 165 685 246 61 223 213 269 39 126 364 259 33 150 726 258 68 233 467 250 51 179 
57 60 243 50 101 588 274 35 119 1 340 85 259 515 279 36 109 438 264 22 88 12 249 48 137 333 271 34 130 397 265 31 121 48 312 56 122 623 265 50 165 685 246 61 223 213 269 39 126 364 259 33 150 726 258 68 233 467 250 51 179 
58 60 243 50 101 588 274 35 119 1 340 85 259 515 279 36 109 438 264 22 88 12 249 48 137 333 271 34 130 397 265 31 121 48 312 56 122 623 265 50 165 685 246 61 223 213 269 39 126 364 259 33 150 726 258 68 233 467 250 51 179 
59 588 275 36 118 145 261 24 94 438 265 23 87 516 278 35 114 1 132 108 487 396 266 32 119 614 271 53 156 335 262 37 141 366 261 33 144 683 243 63 225 196 262 50 131 730 264 64 230 468 250 51 176 
60 588 275 36 118 145 261 24 94 438 265 23 87 516 278 35 114 1 132 108 487 396 266 32 119 614 271 53 156 335 262 37 141 366 261 33 144 683 243 63 225 196 262 50 131 730 264 64 230 468 250 51 176 
61 588 275 36 118 145 261 24 94 438 265 23 87 516 278 35 114 1 132 108 487 396 266 32 119 614 271 53 156 335 262 37 141 366 261 33 144 683 243 63 225 196 262 50 131 730 264 64 230 468 250 51 176 
62 588 275 36 118 145 261 24 94 438 265 23 87 516 278 35 114 1 132 108 487 396 266 32 119 614 271 53 156 335 262 37 141 366 261 33 144 683 243 63 225 196 262 50 131 730 264 64 230 468 250 51 176 
63 585 262 34 128 516 276 32 118 438 261 24 91 338 258 33 136 363 263 37 140 396 263 31 123 613 272 54 156 679 248 67 218 192 256 50 141 19 175 188 421 469 251 50 172 733 265 62 231 
64 585 262 34 128 516 276 32 118 438 261 24 91 338 258 33 136 363 263 37 140 396 263 31 123 613 272 54 156 679 248 67 218 192 256 50 141 19 175 188 421 469 251 50 172 733 265 62 231 
65 585 262 34 128 516 276 32 118 438 261 24 91 338 258 33 136 363 263 37 140 396 263 31 123 613 272 54 156 679 248 67 218 192 256 50 141 19 175 188 421 469 251 50 172 733 265 62 231 
66 585 262 34 128 516 276 32 118 438 261 24 91 338 258 33 136 363 263 37 140 396 263 31 123 613 272 54 156 679 248 67 218 192 256 50 141 19 175 188 421 469 251 50 172 733 265 62 231 
67 585 263 33 128 24 251 42 120 442 264 20 86 16 310 50 128 77 244 37 124 0 251 19 303 333 256 33 141 397 265 30 121 361 263 38 139 64 246 37 128 614 270 53 158 91 173 207 406 472 253 50 170 678 246 65 222 733 265 62 234 
68 585 263 33 128 24 251 42 120 442 264 20 86 16 310 50 128 77 244 37 124 0 251 19 303 333 256 33 141 397 265 30 121 361 263 38 139 64 246 37 128 614 270 53 158 91 173 207 406 472 253 50 170 678 246 65 222 733 265 62 234 
69 585 263 33 128 24 251 42 120 442 264 20 86 16 310 50 128 77 244 37 124 0 251 19 303 333 256 33 141 397 265 30 121 361 263 38 139 64 246 37 128 614 270 53 158 91 173 207 406 472 253 50 170 678 246 65 222 733 265 62 234 
70 585 263 33 128 24 251 42 120 442 264 20 86 16 310 50 128 77 244 37 124 0 251 19 303 333 256 33 141 397 265 30 121 361 263 38 139 64 246 37 128 614 270 53 158 91 173 207 406 472 253 50 170 678 246 65 222 733 265 62 234 
71 76 245 40 118 585 262 34 128 511 255 33 142 0 263 24 280 480 253 44 171 20 254 45 121 614 270 53 157 64 245 40 125 355 265 42 136 395 265 34 124 177 258 41 124 178 172 207 413 678 246 62 222 463 249 48 181 732 264 63 239 
72 76 245 40 118 585 262 34 128 511 255 33 142 0 263 24 280 480 253 44 171 20 254 45 121 614 270 53 157 64 245 40 125 355 265 42 136 395 265 34 124 177 258 41 124 178 172 207 413 678 246 62 222 463 249 48 181 732 264 63 239 
73 76 245 40 118 585 262 34 128 511 255 33 142 0 263 24 280 480 253 44 171 20 254 45 121 614 270 53 157 64 245 40 125 355 265 42 136 395 265 34 124 177 258 41 124 178 172 207 413 678 246 62 222 463 249 48 181 732 264 63 239 
74 76 245 40 118 585 262 34 128 511 255 33 142 0 263 24 280 480 253 44 171 20 254 45 121 614 270 53 157 64 245 40 125 355 265 42 136 395 265 34 124 177 258 41 124 178 172 207 413 678 246 62 222 463 249 48 181 732 264 63 239 
75 564 286 25 97 80 245 37 118 585 262 35 129 0 271 19 266 64 245 35 126 510 255 34 143 21 254 44 122 612 272 55 155 676 244 66 226 264 198 237 398 171 259 42 135 463 250 50 178 730 260 66 243 
76 564 286 25 97 80 245 37 118 585 262 35 129 0 271 19 266 64 245 35 126 510 255 34 143 21 254 44 122 612 272 55 155 676 244 66 226 264 198 237 398 171 259 42 135 463 250 50 178 730 260 66 243 
77 564 286 25 97 80 245 37 118 585 262 35 129 0 271 19 266 64 245 35 126 510 255 34 143 21 254 44 122 612 272 55 155 676 244 66 226 264 198 237 398 171 259 42 135 463 250 50 178 730 260 66 243 
78 564 286 25 97 80 245 37 118 585 262 35 129 0 271 19 266 64 245 35 126 510 255 34 143 21 254 44 122 612 272 55 155 676 244 66 226 264 198 237 398 171 259 42 135 463 250 50 178 730 260 66 243 
79 0 229 21 302 80 246 36 118 563 286 26 97 345 262 20 91 588 274 34 120 509 258 37 155 63 245 35 125 359 264 36 124 21 257 44 119 612 273 54 154 666 243 75 242 169 256 35 134 309 255 38 140 352 171 188 417 730 260 66 247 
80 0 229 21 302 80 246 36 118 563 286 26 97 345 262 20 91 588 274 34 120 509 258 37 155 63 245 35 125 359 264 36 124 21 257 44 119 612 273 54 154 666 243 75 242 169 256 35 134 309 255 38 140 352 171 188 417 730 260 66 247 
81 0 229 21 302 80 246 36 118 563 286 26 97 345 262 20 91 588 274 34 120 509 258 37 155 63 245 35 125 359 264 36 124 21 257 44 119 612 273 54 154 666 243 75 242 169 256 35 134 309 255 38 140 352 171 188 417 730 260 66 247 
82 0 229 21 302 80 246 36 118 563 286 26 97 345 262 20 91 588 274 34 120 509 258 37 155 63 245 35 125 359 264 36 124 21 257 44 119 612 273 54 154 666 243 75 242 169 256 35 134 309 255 38 140 352 171 188 417 730 260 66 247 
83 131 250 18 110 90 247 24 124 616 269 48 159 0 243 21 272 463 255 38 126 63 246 35 124 21 256 43 119 157 260 37 125 398 264 35 128 308 257 37 136 428 168 218 418 357 268 39 120 668 239 73 236 730 259 65 253 
84 131 250 18 110 90 247 24 124 616 269 48 159 0 243 21 272 463 255 38 126 63 246 35 124 21 256 43 119 157 260 37 125 398 264 35 128 308 257 37 136 428 168 218 418 357 268 39 120 668 239 73 236 730 259 65 253 
85 131 250 18 110 90 247 24 124 616 269 48 159 0 243 21 272 463 255 38 126 63 246 35 124 21 256 43 119 157 260 37 125 398 264 35 128 308 257 37 136 428 168 218 418 357 268 39 120 668 239 73 236 730 259 65 253 
86 131 250 18 110 90 247 24 124 616 269 48 159 0 243 21 272 463 255 38 126 63 246 35 124 21 256 43 119 157 260 37 125 398 264 35 128 308 257 37 136 428 168 218 418 357 268 39 120 668 239 73 236 730 259 65 253 
87 131 254 20 104 480 259 37 165 0 245 21 270 91 246 23 123 21 256 42 118 522 191 245 417 63 245 36 125 307 258 35 134 399 261 34 132 515 252 41 149 153 260 39 126 360 267 37 122 676 236 70 225 734 260 63 251 460 249 49 182 
88 131 254 20 104 480 259 37 165 0 245 21 270 91 246 23 123 21 256 42 118 522 191 245 417 63 245 36 125 307 258 35 134 399 261 34 132 515 252 41 149 153 260 39 126 360 267 37 122 676 236 70 225 734 260 63 251 460 249 49 182 
89 131 254 20 104 480 259 37 165 0 245 21 270 91 246 23 123 21 256 42 118 522 191 245 417 63 245 36 125 307 258 35 134 399 261 34 132 515 252 41 149 153 260 39 126 360 267 37 122 676 236 70 225 734 260 63 251 460 249 49 182 
90 131 254 20 104 480 259 37 165 0 245 21 270 91 246 23 123 21 256 42 118 522 191 245 417 63 245 36 125 307 258 35 134 399 261 34 132 515 252 41 149 153 260 39 126 360 267 37 122 676 236 70 225 734 260 63 251 460 249 49 182 
91 79 246 36 117 604 193 187 412 61 245 37 125 16 254 47 122 400 261 36 132 308 256 36 131 359 265 39 124 144 256 47 130 516 248 49 178 457 250 53 180 
92 79 246 36 117 604 193 187 412 61 245 37 125 16 254 47 122 400 261 36 132 308 256 36 131 359 265 39 124 144 256 47 130 516 248 49 178 457 250 53 180 
93 79 246 36 117 604 193 187 412 61 245 37 125 16 254 47 122 400 261 36 132 308 256 36 131 359 265 39 124 144 256 47 130 516 248 49 178 457 250 53 180 
94 79 246 36 117 604 193 187 412 61 245 37 125 16 254 47 122 400 261 36 132 308 256 36 131 359 265 39 124 144 256 47 130 516 248 49 178 457 250 53 180 
95 345 262 22 90 668 237 70 152 662 232 75 231 586 257 34 137 80 249 35 113 612 265 53 162 61 248 36 121 406 267 33 130 18 252 42 121 308 258 37 127 359 264 41 126 519 247 53 184 138 258 43 127 455 246 50 186 
96 345 262 22 90 668 237 70 152 662 232 75 231 586 257 34 137 80 249 35 113 612 265 53 162 61 248 36 121 406 267 33 130 18 252 42 121 308 258 37 127 359 264 41 126 519 247 53 184 138 258 43 127 455 246 50 186 
97 345 262 22 90 668 237 70 152 662 232 75 231 586 257 34 137 80 249 35 113 612 265 53 162 61 248 36 121 406 267 33 130 18 252 42 121 308 258 37 127 359 264 41 126 519 247 53 184 138 258 43 127 455 246 50 186 
98 345 262 22 90 668 237 70 152 662 232 75 231 586 257 34 137 80 249 35 113 612 265 53 162 61 248 36 121 406 267 33 130 18 252 42 121 308 258 37 127 359 264 41 126 519 247 53 184 138 258 43 127 455 246 50 186 
99 583 257 32 139 90 251 24 115 728 235 73 348 497 279 32 140 613 265 53 162 60 248 36 120 406 269 33 126 312 257 38 124 17 252 42 122 357 265 41 126 134 253 43 127 525 246 51 185 652 229 88 257 454 247 47 180 
100 583 257 32 139 90 251 24 115 728 235 73 348 497 279 32 140 613 265 53 162 60 248 36 120 406 269 33 126 312 257 38 124 17 252 42 122 357 265 41 126 134 253 43 127 525 246 51 185 652 229 88 257 454 247 47 180 
101 583 257 32 139 90 251 24 115 728 235 73 348 497 279 32 140 613 265 53 162 60 248 36 120 406 269 33 126 312 257 38 124 17 252 42 122 357 265 41 126 134 253 43 127 525 246 51 185 652 229 88 257 454 247 47 180 
102 583 257 32 139 90 251 24 115 728 235 73 348 497 279 32 140 613 265 53 162 60 248 36 120 406 269 33 126 312 257 38 124 17 252 42 122 357 265 41 126 134 253 43 127 525 246 51 185 652 229 88 257 454 247 47 180 
103 584 257 32 137 81 249 36 113 615 267 47 161 499 277 31 139 406 268 32 130 59 248 37 120 746 248 53 271 314 257 37 124 17 254 44 119 359 264 39 126 129 251 41 127 532 248 51 183 648 235 90 256 454 249 45 176 
104 584 257 32 137 81 249 36 113 615 267 47 161 499 277 31 139 406 268 32 130 59 248 37 120 746 248 53 271 314 257 37 124 17 254 44 119 359 264 39 126 129 251 41 127 532 248 51 183 648 235 90 256 454 249 45 176 
105 584 257 32 137 81 249 36 113 615 267 47 161 499 277 31 139 406 268 32 130 59 248 37 120 746 248 53 271 314 257 37 124 17 254 44 119 359 264 39 126 129 251 41 127 532 248 51 183 648 235 90 256 454 249 45 176 
106 584 257 32 137 81 249 36 113 615 267 47 161 499 277 31 139 406 268 32 130 59 248 37 120 746 248 53 271 314 257 37 124 17 254 44 119 359 264 39 126 129 251 41 127 532 248 51 183 648 235 90 256 454 249 45 176 
107 393 270 23 110 90 248 23 118 583 258 33 135 617 267 40 161 498 282 32 132 315 258 39 120 60 245 37 122 406 270 32 126 746 248 52 274 18 254 44 119 359 265 40 125 125 252 39 125 534 246 49 183 644 235 89 258 454 251 47 170 
108 393 270 23 110 90 248 23 118 583 258 33 135 617 267 40 161 498 282 32 132 315 258 39 120 60 245 37 122 406 270 32 126 746 248 52 274 18 254 44 119 359 265 40 125 125 252 39 125 534 246 49 183 644 235 89 258 454 251 47 170 
109 393 270 23 110 90 248 23 118 583 258 33 135 617 267 40 161 498 282 32 132 315 258 39 120 60 245 37 122 406 270 32 126 746 248 52 274 18 254 44 119 359 265 40 125 125 252 39 125 534 246 49 183 644 235 89 258 454 251 47 170 
110 393 270 23 110 90 248 23 118 583 258 33 135 617 267 40 161 498 282 32 132 315 258 39 120 60 245 37 122 406 270 32 126 746 248 52 274 18 254 44 119 359 265 40 125 125 252 39 125 534 246 49 183 644 235 89 258 454 251 47 170 
111 617 266 40 161 586 259 33 133 497 285 33 127 504 300 23 103 90 240 22 135 324 262 36 122 60 249 35 119 746 248 53 274 408 267 32 131 17 256 44 118 359 265 39 125 120 256 36 119 644 237 85 254 537 248 53 190 454 252 45 168 
112 617 266 40 161 586 259 33 133 497 285 33 127 504 300 23 103 90 240 22 135 324 262 36 122 60 249 35 119 746 248 53 274 408 267 32 131 17 256 44 118 359 265 39 125 120 256 36 119 644 237 85 254 537 248 53 190 454 252 45 168 
113 617 266 40 161 586 259 33 133 497 285 33 127 504 300 23 103 90 240 22 135 324 262 36 122 60 249 35 119 746 248 53 274 408 267 32 131 17 256 44 118 359 265 39 125 120 256 36 119 644 237 85 254 537 248 53 190 454 252 45 168 
114 617 266 40 161 586 259 33 133 497 285 33 127 504 300 23 103 90 240 22 135 324 262 36 122 60 249 35 119 746 248 53 274 408 267 32 131 17 256 44 118 359 265 39 125 120 256 36 119 644 237 85 254 537 248 53 190 454 252 45 168 
115 91 246 22 121 81 244 36 123 495 283 35 130 617 266 40 161 593 266 32 138 328 261 32 123 60 247 36 122 407 267 33 134 745 248 53 275 17 255 44 119 358 263 39 129 111 250 41 125 539 246 53 193 643 234 87 262 453 253 48 166 
116 91 246 22 121 81 244 36 123 495 283 35 130 617 266 40 161 593 266 32 138 328 261 32 123 60 247 36 122 407 267 33 134 745 248 53 275 17 255 44 119 358 263 39 129 111 250 41 125 539 246 53 193 643 234 87 262 453 253 48 166 
117 91 246 22 121 81 244 36 123 495 283 35 130 617 266 40 161 593 266 32 138 328 261 32 123 60 247 36 122 407 267 33 134 745 248 53 275 17 255 44 119 358 263 39 129 111 250 41 125 539 246 53 193 643 234 87 262 453 253 48 166 
118 91 246 22 121 81 244 36 123 495 283 35 130 617 266 40 161 593 266 32 138 328 261 32 123 60 247 36 122 407 267 33 134 745 248 53 275 17 255 44 119 358 263 39 129 111 250 41 125 539 246 53 193 643 234 87 262 453 253 48 166 
119 497 284 37 127 594 265 31 140 618 268 39 159 509 277 35 136 404 259 34 136 747 247 52 276 332 261 32 123 61 244 36 126 108 256 36 120 18 253 42 122 361 264 37 127 646 228 82 273 544 248 52 187 453 251 47 169 
120 497 284 37 127 594 265 31 140 618 268 39 159 509 277 35 136 404 259 34 136 747 247 52 276 332 261 32 123 61 244 36 126 108 256 36 120 18 253 42 122 361 264 37 127 646 228 82 273 544 248 52 187 453 251 47 169 
121 497 284 37 127 594 265 31 140 618 268 39 159 509 277 35 136 404 259 34 136 747 247 52 276 332 261 32 123 61 244 36 126 108 256 36 120 18 253 42 122 361 264 37 127 646 228 82 273 544 248 52 187 453 251 47 169 
122 497 284 37 127 594 265 31 140 618 268 39 159 509 277 35 136 404 259 34 136 747 247 52 276 332 261 32 123 61 244 36 126 108 256 36 120 18 253 42 122 361 264 37 127 646 228 82 273 544 248 52 187 453 251 47 169 
123 616 265 44 163 147 260 22 91 706 221 96 361 338 263 33 121 403 262 35 142 358 265 37 127 96 249 38 120 512 277 38 141 17 253 42 121 59 244 36 125 648 223 88 268 547 242 55 195 450 251 46 166 
124 616 265 44 163 147 260 22 91 706 221 96 361 338 263 33 121 403 262 35 142 358 265 37 127 96 249 38 120 512 277 38 141 17 253 42 121 59 244 36 125 648 223 88 268 547 242 55 195 450 251 46 166 
125 616 265 44 163 147 260 22 91 706 221 96 361 338 263 33 121 403 262 35 142 358 265 37 127 96 249 38 120 512 277 38 141 17 253 42 121 59 244 36 125 648 223 88 268 547 242 55 195 450 251 46 166 
126 616 265 44 163 147 260 22 91 706 221 96 361 338 263 33 121 403 262 35 142 358 265 37 127 96 249 38 120 512 277 38 141 17 253 42 121 59 244 36 125 648 223 88 268 547 242 55 195 450 251 46 166 
127 56 252 23 111 346 263 35 118 73 244 28 125 614 262 43 164 626 265 45 162 195 263 24 91 147 260 23 90 402 257 35 140 716 223 81 355 59 244 34 124 19 253 41 121 514 276 40 143 92 248 36 119 354 261 40 133 654 226 80 286 549 241 59 196 447 247 48 172 
128 56 252 23 111 346 263 35 118 73 244 28 125 614 262 43 164 626 265 45 162 195 263 24 91 147 260 23 90 402 257 35 140 716 223 81 355 59 244 34 124 19 253 41 121 514 276 40 143 92 248 36 119 354 261 40 133 654 226 80 286 549 241 59 196 447 247 48 172 
129 56 252 23 111 346 263 35 118 73 244 28 125 614 262 43 164 626 265 45 162 195 263 24 91 147 260 23 90 402 257 35 140 716 223 81 355 59 244 34 124 19 253 41 121 514 276 40 143 92 248 36 119 354 261 40 133 654 226 80 286 549 241 59 196 447 247 48 172 
130 56 252 23 111 346 263 35 118 73 244 28 125 614 262 43 164 626 265 45 162 195 263 24 91 147 260 23 90 402 257 35 140 716 223 81 355 59 244 34 124 19 253 41 121 514 276 40 143 92 248 36 119 354 261 40 133 654 226 80 286 549 241 59 196 447 247 48 172 
131 628 258 44 178 613 260 43 168 195 263 24 91 765 278 36 259 147 259 23 91 656 221 81 308 404 263 36 140 670 216 100 331 59 241 35 129 19 251 41 123 87 244 38 124 519 274 39 148 355 262 38 130 552 246 59 194 443 247 50 173 
132 628 258 44 178 613 260 43 168 195 263 24 91 765 278 36 259 147 259 23 91 656 221 81 308 404 263 36 140 670 216 100 331 59 241 35 129 19 251 41 123 87 244 38 124 519 274 39 148 355 262 38 130 552 246 59 194 443 247 50 173 
133 628 258 44 178 613 260 43 168 195 263 24 91 765 278 36 259 147 259 23 91 656 221 81 308 404 263 36 140 670 216 100 331 59 241 35 129 19 251 41 123 87 244 38 124 519 274 39 148 355 262 38 130 552 246 59 194 443 247 50 173 
134 628 258 44 178 613 260 43 168 195 263 24 91 765 278 36 259 147 259 23 91 656 221 81 308 404 263 36 140 670 216 100 331 59 241 35 129 19 251 41 123 87 244 38 124 519 274 39 148 355 262 38 130 552 246 59 194 443 247 50 173 
135 195 262 24 89 743 260 33 122 146 259 24 90 400 256 36 140 58 241 33 128 575 233 188 335 18 252 43 121 83 246 37 119 522 271 38 152 357 261 37 131 439 245 52 175 560 245 57 198 
136 195 262 24 89 743 260 33 122 146 259 24 90 400 256 36 140 58 241 33 128 575 233 188 335 18 252 43 121 83 246 37 119 522 271 38 152 357 261 37 131 439 245 52 175 560 245 57 198 
137 195 262 24 89 743 260 33 122 146 259 24 90 400 256 36 140 58 241 33 128 575 233 188 335 18 252 43 121 83 246 37 119 522 271 38 152 357 261 37 131 439 245 52 175 560 245 57 198 
138 195 262 24 89 743 260 33 122 146 259 24 90 400 256 36 140 58 241 33 128 575 233 188 335 18 252 43 121 83 246 37 119 522 271 38 152 357 261 37 131 439 245 52 175 560 245 57 198 
139 432 249 40 152 107 257 19 77 579 233 117 342 131 248 20 94 195 262 24 89 146 257 24 92 743 262 35 119 60 242 35 126 398 254 32 143 522 265 35 148 18 250 46 124 79 244 37 119 357 262 36 130 675 231 75 279 562 243 55 206 439 241 49 181 
140 432 249 40 152 107 257 19 77 579 233 117 342 131 248 20 94 195 262 24 89 146 257 24 92 743 262 35 119 60 242 35 126 398 254 32 143 522 265 35 148 18 250 46 124 79 244 37 119 357 262 36 130 675 231 75 279 562 243 55 206 439 241 49 181 
141 432 249 40 152 107 257 19 77 579 233 117 342 131 248 20 94 195 262 24 89 146 257 24 92 743 262 35 119 60 242 35 126 398 254 32 143 522 265 35 148 18 250 46 124 79 244 37 119 357 262 36 130 675 231 75 279 562 243 55 206 439 241 49 181 
142 432 249 40 152 107 257 19 77 579 233 117 342 131 248 20 94 195 262 24 89 146 257 24 92 743 262 35 119 60 242 35 126 398 254 32 143 522 265 35 148 18 250 46 124 79 244 37 119 357 262 36 130 675 231 75 279 562 243 55 206 439 241 49 181 
143 196 262 22 89 603 237 47 202 90 245 34 116 553 264 38 165 767 260 32 233 588 212 72 260 105 246 23 113 568 248 41 192 742 263 38 122 522 262 32 154 396 257 34 140 19 251 44 121 62 244 38 121 358 262 33 129 656 223 86 284 438 240 49 185 
144 196 262 22 89 603 237 47 202 90 245 34 116 553 264 38 165 767 260 32 233 588 212 72 260 105 246 23 113 568 248 41 192 742 263 38 122 522 262 32 154 396 257 34 140 19 251 44 121 62 244 38 121 358 262 33 129 656 223 86 284 438 240 49 185 
145 196 262 22 89 603 237 47 202 90 245 34 116 553 264 38 165 767 260 32 233 588 212 72 260 105 246 23 113 568 248 41 192 742 263 38 122 522 262 32 154 396 257 34 140 19 251 44 121 62 244 38 121 358 262 33 129 656 223 86 284 438 240 49 185 
146 196 262 22 89 603 237 47 202 90 245 34 116 553 264 38 165 767 260 32 233 588 212 72 260 105 246 23 113 568 248 41 192 742 263 38 122 522 262 32 154 396 257 34 140 19 251 44 121 62 244 38 121 358 262 33 129 656 223 86 284 438 240 49 185 
147 133 245 21 102 197 262 21 88 147 257 22 93 760 265 40 230 525 233 99 289 741 263 37 124 107 254 23 97 519 266 35 141 394 256 33 139 18 252 42 119 357 262 35 129 61 245 37 120 435 245 56 175 655 231 86 270 
148 133 245 21 102 197 262 21 88 147 257 22 93 760 265 40 230 525 233 99 289 741 263 37 124 107 254 23 97 519 266 35 141 394 256 33 139 18 252 42 119 357 262 35 129 61 245 37 120 435 245 56 175 655 231 86 270 
149 133 245 21 102 197 262 21 88 147 257 22 93 760 265 40 230 525 233 99 289 741 263 37 124 107 254 23 97 519 266 35 141 394 256 33 139 18 252 42 119 357 262 35 129 61 245 37 120 435 245 56 175 655 231 86 270 
150 133 245 21 102 197 262 21 88 147 257 22 93 760 265 40 230 525 233 99 289 741 263 37 124 107 254 23 97 519 266 35 141 394 256 33 139 18 252 42 119 357 262 35 129 61 245 37 120 435 245 56 175 655 231 86 270 
151 134 246 21 100 345 261 20 85 415 268 20 79 619 259 42 163 97 238 32 117 394 258 30 131 146 256 22 93 740 263 34 123 68 254 24 106 108 254 23 96 761 266 38 232 519 236 105 323 57 247 32 115 17 249 42 119 356 259 38 135 580 246 45 184 431 243 55 179 653 225 87 277 
152 134 246 21 100 345 261 20 85 415 268 20 79 619 259 42 163 97 238 32 117 394 258 30 131 146 256 22 93 740 263 34 123 68 254 24 106 108 254 23 96 761 266 38 232 519 236 105 323 57 247 32 115 17 249 42 119 356 259 38 135 580 246 45 184 431 243 55 179 653 225 87 277 
153 134 246 21 100 345 261 20 85 415 268 20 79 619 259 42 163 97 238 32 117 394 258 30 131 146 256 22 93 740 263 34 123 68 254 24 106 108 254 23 96 761 266 38 232 519 236 105 323 57 247 32 115 17 249 42 119 356 259 38 135 580 246 45 184 431 243 55 179 653 225 87 277 
154 134 246 21 100 345 261 20 85 415 268 20 79 619 259 42 163 97 238 32 117 394 258 30 131 146 256 22 93 740 263 34 123 68 254 24 106 108 254 23 96 761 266 38 232 519 236 105 323 57 247 32 115 17 249 42 119 356 259 38 135 580 246 45 184 431 243 55 179 653 225 87 277 
155 75 238 21 115 195 260 21 91 134 245 19 101 392 249 22 146 618 257 39 163 113 249 25 105 147 257 23 92 395 256 29 134 749 267 49 226 57 243 32 119 17 247 43 121 356 260 38 132 431 245 54 176 573 242 50 214 473 199 86 354 651 221 88 286 
156 75 238 21 115 195 260 21 91 134 245 19 101 392 249 22 146 618 257 39 163 113 249 25 105 147 257 23 92 395 256 29 134 749 267 49 226 57 243 32 119 17 247 43 121 356 260 38 132 431 245 54 176 573 242 50 214 473 199 86 354 651 221 88 286 
157 75 238 21 115 195 260 21 91 134 245 19 101 392 249 22 146 618 257 39 163 113 249 25 105 147 257 23 92 395 256 29 134 749 267 49 226 57 243 32 119 17 247 43 121 356 260 38 132 431 245 54 176 573 242 50 214 473 199 86 354 651 221 88 286 
158 75 238 21 115 195 260 21 91 134 245 19 101 392 249 22 146 618 257 39 163 113 249 25 105 147 257 23 92 395 256 29 134 749 267 49 226 57 243 32 119 17 247 43 121 356 260 38 132 431 245 54 176 573 242 50 214 473 199 86 354 651 221 88 286 
159 74 244 27 116 416 266 22 84 341 264 21 83 195 259 22 93 617 261 41 160 145 257 24 92 393 255 28 136 433 246 37 155 116 252 25 100 58 241 31 123 461 204 76 347 18 247 46 122 358 259 33 133 568 240 55 219 728 254 68 233 647 225 92 279 
160 74 244 27 116 416 266 22 84 341 264 21 83 195 259 22 93 617 261 41 160 145 257 24 92 393 255 28 136 433 246 37 155 116 252 25 100 58 241 31 123 461 204 76 347 18 247 46 122 358 259 33 133 568 240 55 219 728 254 68 233 647 225 92 279 
161 74 244 27 116 416 266 22 84 341 264 21 83 195 259 22 93 617 261 41 160 145 257 24 92 393 255 28 136 433 246 37 155 116 252 25 100 58 241 31 123 461 204 76 347 18 247 46 122 358 259 33 133 568 240 55 219 728 254 68 233 647 225 92 279 
162 74 244 27 116 416 266 22 84 341 264 21 83 195 259 22 93 617 261 41 160 145 257 24 92 393 255 28 136 433 246 37 155 116 252 25 100 58 241 31 123 461 204 76 347 18 247 46 122 358 259 33 133 568 240 55 219 728 254 68 233 647 225 92 279 
163 516 262 34 125 616 260 43 161 72 239 29 127 146 256 22 93 341 262 20 86 390 254 29 139 118 251 26 103 63 240 30 125 725 246 66 256 19 245 46 125 359 255 33 140 425 226 103 300 558 234 66 232 647 219 90 292 
164 516 262 34 125 616 260 43 161 72 239 29 127 146 256 22 93 341 262 20 86 390 254 29 139 118 251 26 103 63 240 30 125 725 246 66 256 19 245 46 125 359 255 33 140 425 226 103 300 558 234 66 232 647 219 90 292 
165 516 262 34 125 616 260 43 161 72 239 29 127 146 256 22 93 341 262 20 86 390 254 29 139 118 251 26 103 63 240 30 125 725 246 66 256 19 245 46 125 359 255 33 140 425 226 103 300 558 234 66 232 647 219 90 292 
166 516 262 34 125 616 260 43 161 72 239 29 127 146 256 22 93 341 262 20 86 390 254 29 139 118 251 26 103 63 240 30 125 725 246 66 256 19 245 46 125 359 255 33 140 425 226 103 300 558 234 66 232 647 219 90 292 
167 489 258 22 128 617 261 46 155 678 233 86 273 145 257 23 91 513 263 34 120 340 261 20 87 719 241 66 281 118 250 27 103 63 241 31 123 378 227 90 295 19 247 45 121 359 257 32 132 648 225 97 280 559 234 66 232 
168 489 258 22 128 617 261 46 155 678 233 86 273 145 257 23 91 513 263 34 120 340 261 20 87 719 241 66 281 118 250 27 103 63 241 31 123 378 227 90 295 19 247 45 121 359 257 32 132 648 225 97 280 559 234 66 232 
169 489 258 22 128 617 261 46 155 678 233 86 273 145 257 23 91 513 263 34 120 340 261 20 87 719 241 66 281 118 250 27 103 63 241 31 123 378 227 90 295 19 247 45 121 359 257 32 132 648 225 97 280 559 234 66 232 
170 489 258 22 128 617 261 46 155 678 233 86 273 145 257 23 91 513 263 34 120 340 261 20 87 719 241 66 281 118 250 27 103 63 241 31 123 378 227 90 295 19 247 45 121 359 257 32 132 648 225 97 280 559 234 66 232 
171 431 257 42 165 146 256 21 93 461 242 31 162 618 266 45 152 483 259 31 126 337 260 23 86 120 252 27 100 514 263 33 123 61 241 31 121 724 222 75 318 366 221 88 301 18 246 44 118 562 232 67 238 647 223 107 282 
172 431 257 42 165 146 256 21 93 461 242 31 162 618 266 45 152 483 259 31 126 337 260 23 86 120 252 27 100 514 263 33 123 61 241 31 121 724 222 75 318 366 221 88 301 18 246 44 118 562 232 67 238 647 223 107 282 
173 431 257 42 165 146 256 21 93 461 242 31 162 618 266 45 152 483 259 31 126 337 260 23 86 120 252 27 100 514 263 33 123 61 241 31 121 724 222 75 318 366 221 88 301 18 246 44 118 562 232 67 238 647 223 107 282 
174 431 257 42 165 146 256 21 93 461 242 31 162 618 266 45 152 483 259 31 126 337 260 23 86 120 252 27 100 514 263 33 123 61 241 31 121 724 222 75 318 366 221 88 301 18 246 44 118 562 232 67 238 647 223 107 282 
175 149 235 20 122 120 238 32 116 622 269 39 149 63 241 30 121 483 260 32 124 512 262 33 125 18 245 42 119 658 221 77 289 435 240 43 185 678 225 102 309 567 227 65 250 329 224 110 304 
176 149 235 20 122 120 238 32 116 622 269 39 149 63 241 30 121 483 260 32 124 512 262 33 125 18 245 42 119 658 221 77 289 435 240 43 185 678 225 102 309 567 227 65 250 329 224 110 304 
177 149 235 20 122 120 238 32 116 622 269 39 149 63 241 30 121 483 260 32 124 512 262 33 125 18 245 42 119 658 221 77 289 435 240 43 185 678 225 102 309 567 227 65 250 329 224 110 304 
178 149 235 20 122 120 238 32 116 622 269 39 149 63 241 30 121 483 260 32 124 512 262 33 125 18 245 42 119 658 221 77 289 435 240 43 185 678 225 102 309 567 227 65 250 329 224 110 304 
179 449 242 39 165 60 241 30 121 149 237 19 119 558 273 34 149 121 237 32 120 80 238 35 117 484 261 33 129 15 243 45 119 410 255 27 95 702 222 95 355 513 263 32 125 567 224 68 258 637 206 111 358 303 220 90 306 433 241 47 183 
180 449 242 39 165 60 241 30 121 149 237 19 119 558 273 34 149 121 237 32 120 80 238 35 117 484 261 33 129 15 243 45 119 410 255 27 95 702 222 95 355 513 263 32 125 567 224 68 258 637 206 111 358 303 220 90 306 433 241 47 183 
181 449 242 39 165 60 241 30 121 149 237 19 119 558 273 34 149 121 237 32 120 80 238 35 117 484 261 33 129 15 243 45 119 410 255 27 95 702 222 95 355 513 263 32 125 567 224 68 258 637 206 111 358 303 220 90 306 433 241 47 183 
182 449 242 39 165 60 241 30 121 149 237 19 119 558 273 34 149 121 237 32 120 80 238 35 117 484 261 33 129 15 243 45 119 410 255 27 95 702 222 95 355 513 263 32 125 567 224 68 258 637 206 111 358 303 220 90 306 433 241 47 183 
183 54 253 25 102 6 247 36 116 633 239 116 318 21 244 40 122 628 258 78 292 513 264 33 123 559 278 33 148 370 248 38 145 413 254 27 100 81 237 34 118 488 260 34 131 282 213 84 285 125 245 34 113 616 201 171 394 574 224 67 260 431 243 51 179 
184 54 253 25 102 6 247 36 116 633 239 116 318 21 244 40 122 628 258 78 292 513 264 33 123 559 278 33 148 370 248 38 145 413 254 27 100 81 237 34 118 488 260 34 131 282 213 84 285 125 245 34 113 616 201 171 394 574 224 67 260 431 243 51 179 
185 54 253 25 102 6 247 36 116 633 239 116 318 21 244 40 122 628 258 78 292 513 264 33 123 559 278 33 148 370 248 38 145 413 254 27 100 81 237 34 118 488 260 34 131 282 213 84 285 125 245 34 113 616 201 171 394 574 224 67 260 431 243 51 179 
186 54 253 25 102 6 247 36 116 633 239 116 318 21 244 40 122 628 258 78 292 513 264 33 123 559 278 33 148 370 248 38 145 413 254 27 100 81 237 34 118 488 260 34 131 282 213 84 285 125 245 34 113 616 201 171 394 574 224 67 260 431 243 51 179 
187 591 218 64 302 54 251 24 106 0 259 23 100 418 254 27 102 555 279 36 145 494 271 36 124 19 244 42 123 81 236 36 123 246 219 106 274 691 215 78 319 619 202 96 397 125 244 36 116 615 209 160 385 370 253 38 141 575 225 68 257 431 246 51 174 
188 591 218 64 302 54 251 24 106 0 259 23 100 418 254 27 102 555 279 36 145 494 271 36 124 19 244 42 123 81 236 36 123 246 219 106 274 691 215 78 319 619 202 96 397 125 244 36 116 615 209 160 385 370 253 38 141 575 225 68 257 431 246 51 174 
189 591 218 64 302 54 251 24 106 0 259 23 100 418 254 27 102 555 279 36 145 494 271 36 124 19 244 42 123 81 236 36 123 246 219 106 274 691 215 78 319 619 202 96 397 125 244 36 116 615 209 160 385 370 253 38 141 575 225 68 257 431 246 51 174 
190 591 218 64 302 54 251 24 106 0 259 23 100 418 254 27 102 555 279 36 145 494 271 36 124 19 244 42 123 81 236 36 123 246 219 106 274 691 215 78 319 619 202 96 397 125 244 36 116 615 209 160 385 370 253 38 141 575 225 68 257 431 246 51 174 
191 53 251 25 110 421 257 25 97 549 268 40 160 0 255 17 104 492 270 35 128 21 245 44 122 124 246 35 113 80 234 38 125 564 206 123 353 226 228 115 277 368 253 38 143 670 231 108 273 432 247 50 173 
192 53 251 25 110 421 257 25 97 549 268 40 160 0 255 17 104 492 270 35 128 21 245 44 122 124 246 35 113 80 234 38 125 564 206 123 353 226 228 115 277 368 253 38 143 670 231 108 273 432 247 50 173 
193 53 251 25 110 421 257 25 97 549 268 40 160 0 255 17 104 492 270 35 128 21 245 44 122 124 246 35 113 80 234 38 125 564 206 123 353 226 228 115 277 368 253 38 143 670 231 108 273 432 247 50 173 
194 53 251 25 110 421 257 25 97 549 268 40 160 0 255 17 104 492 270 35 128 21 245 44 122 124 246 35 113 80 234 38 125 564 206 123 353 226 228 115 277 368 253 38 143 670 231 108 273 432 247 50 173 
195 425 259 22 93 447 247 41 159 148 255 20 94 52 254 25 103 278 260 42 215 639 272 49 193 333 258 24 91 124 247 34 112 496 266 36 136 20 241 43 128 80 233 40 128 367 252 38 148 497 222 179 358 224 211 75 285 672 227 107 282 432 244 50 178 
196 425 259 22 93 447 247 41 159 148 255 20 94 52 254 25 103 278 260 42 215 639 272 49 193 333 258 24 91 124 247 34 112 496 266 36 136 20 241 43 128 80 233 40 128 367 252 38 148 497 222 179 358 224 211 75 285 672 227 107 282 432 244 50 178 
197 425 259 22 93 447 247 41 159 148 255 20 94 52 254 25 103 278 260 42 215 639 272 49 193 333 258 24 91 124 247 34 112 496 266 36 136 20 241 43 128 80 233 40 128 367 252 38 148 497 222 179 358 224 211 75 285 672 227 107 282 432 244 50 178 
198 425 259 22 93 447 247 41 159 148 255 20 94 52 254 25 103 278 260 42 215 639 272 49 193 333 258 24 91 124 247 34 112 496 266 36 136 20 241 43 128 80 233 40 128 367 252 38 148 497 222 179 358 224 211 75 285 672 227 107 282 432 244 50 178 
199 526 209 95 346 149 256 19 94 49 245 32 118 510 263 36 143 123 247 34 112 494 210 169 377 496 265 37 142 253 231 68 247 22 242 41 127 598 236 47 233 332 260 24 90 637 264 46 207 205 206 70 283 82 231 38 131 365 253 39 147 673 234 103 271 432 243 50 181 
200 526 209 95 346 149 256 19 94 49 245 32 118 510 263 36 143 123 247 34 112 494 210 169 377 496 265 37 142 253 231 68 247 22 242 41 127 598 236 47 233 332 260 24 90 637 264 46 207 205 206 70 283 82 231 38 131 365 253 39 147 673 234 103 271 432 243 50 181 
201 526 209 95 346 149 256 19 94 49 245 32 118 510 263 36 143 123 247 34 112 494 210 169 377 496 265 37 142 253 231 68 247 22 242 41 127 598 236 47 233 332 260 24 90 637 264 46 207 205 206 70 283 82 231 38 131 365 253 39 147 673 234 103 271 432 243 50 181 
202 526 209 95 346 149 256 19 94 49 245 32 118 510 263 36 143 123 247 34 112 494 210 169 377 496 265 37 142 253 231 68 247 22 242 41 127 598 236 47 233 332 260 24 90 637 264 46 207 205 206 70 283 82 231 38 131 365 253 39 147 673 234 103 271 432 243 50 181 
203 150 258 17 91 642 263 38 205 48 245 32 119 246 249 46 205 126 246 35 112 19 244 41 124 332 258 25 92 585 234 72 265 86 231 38 130 363 254 39 146 503 209 80 349 187 213 73 278 669 237 109 265 433 241 49 185 
204 150 258 17 91 642 263 38 205 48 245 32 119 246 249 46 205 126 246 35 112 19 244 41 124 332 258 25 92 585 234 72 265 86 231 38 130 363 254 39 146 503 209 80 349 187 213 73 278 669 237 109 265 433 241 49 185 
205 150 258 17 91 642 263 38 205 48 245 32 119 246 249 46 205 126 246 35 112 19 244 41 124 332 258 25 92 585 234 72 265 86 231 38 130 363 254 39 146 503 209 80 349 187 213 73 278 669 237 109 265 433 241 49 185 
206 150 258 17 91 642 263 38 205 48 245 32 119 246 249 46 205 126 246 35 112 19 244 41 124 332 258 25 92 585 234 72 265 86 231 38 130 363 254 39 146 503 209 80 349 187 213 73 278 669 237 109 265 433 241 49 185 
207 48 245 32 117 554 265 35 163 230 238 45 230 22 246 40 124 125 249 37 106 646 260 39 207 332 257 25 95 87 233 38 128 364 256 39 142 168 206 69 280 584 229 68 273 670 234 107 272 431 243 51 181 456 196 117 370 
208 48 245 32 117 554 265 35 163 230 238 45 230 22 246 40 124 125 249 37 106 646 260 39 207 332 257 25 95 87 233 38 128 364 256 39 142 168 206 69 280 584 229 68 273 670 234 107 272 431 243 51 181 456 196 117 370 
209 48 245 32 117 554 265 35 163 230 238 45 230 22 246 40 124 125 249 37 106 646 260 39 207 332 257 25 95 87 233 38 128 364 256 39 142 168 206 69 280 584 229 68 273 670 234 107 272 431 243 51 181 456 196 117 370 
210 48 245 32 117 554 265 35 163 230 238 45 230 22 246 40 124 125 249 37 106 646 260 39 207 332 257 25 95 87 233 38 128 364 256 39 142 168 206 69 280 584 229 68 273 670 234 107 272 431 243 51 181 456 196 117 370 
211 58 249 24 87 22 244 40 128 131 245 32 116 644 260 37 190 520 269 45 161 331 258 26 93 421 219 123 329 210 244 51 216 363 259 45 149 90 232 37 129 156 210 67 258 668 235 113 269 587 235 68 271 
212 58 249 24 87 22 244 40 128 131 245 32 116 644 260 37 190 520 269 45 161 331 258 26 93 421 219 123 329 210 244 51 216 363 259 45 149 90 232 37 129 156 210 67 258 668 235 113 269 587 235 68 271 
213 58 249 24 87 22 244 40 128 131 245 32 116 644 260 37 190 520 269 45 161 331 258 26 93 421 219 123 329 210 244 51 216 363 259 45 149 90 232 37 129 156 210 67 258 668 235 113 269 587 235 68 271 
214 58 249 24 87 22 244 40 128 131 245 32 116 644 260 37 190 520 269 45 161 331 258 26 93 421 219 123 329 210 244 51 216 363 259 45 149 90 232 37 129 156 210 67 258 668 235 113 269 587 235 68 271 
215 129 245 26 97 59 248 23 86 26 244 39 128 197 249 47 193 331 257 24 94 422 199 94 360 363 255 40 154 92 232 36 129 516 261 46 179 668 236 112 266 121 220 93 246 586 230 86 291 
216 129 245 26 97 59 248 23 86 26 244 39 128 197 249 47 193 331 257 24 94 422 199 94 360 363 255 40 154 92 232 36 129 516 261 46 179 668 236 112 266 121 220 93 246 586 230 86 291 
217 129 245 26 97 59 248 23 86 26 244 39 128 197 249 47 193 331 257 24 94 422 199 94 360 363 255 40 154 92 232 36 129 516 261 46 179 668 236 112 266 121 220 93 246 586 230 86 291 
218 129 245 26 97 59 248 23 86 26 244 39 128 197 249 47 193 331 257 24 94 422 199 94 360 363 255 40 154 92 232 36 129 516 261 46 179 668 236 112 266 121 220 93 246 586 230 86 291 
219 439 237 59 264 59 248 23 85 23 244 36 127 397 214 94 317 381 195 87 361 97 231 33 129 331 258 24 92 180 243 48 213 362 249 36 154 514 263 47 174 589 229 88 291 672 232 102 273 121 222 74 245 
220 439 237 59 264 59 248 23 85 23 244 36 127 397 214 94 317 381 195 87 361 97 231 33 129 331 258 24 92 180 243 48 213 362 249 36 154 514 263 47 174 589 229 88 291 672 232 102 273 121 222 74 245 
221 439 237 59 264 59 248 23 85 23 244 36 127 397 214 94 317 381 195 87 361 97 231 33 129 331 258 24 92 180 243 48 213 362 249 36 154 514 263 47 174 589 229 88 291 672 232 102 273 121 222 74 245 
222 439 237 59 264 59 248 23 85 23 244 36 127 397 214 94 317 381 195 87 361 97 231 33 129 331 258 24 92 180 243 48 213 362 249 36 154 514 263 47 174 589 229 88 291 672 232 102 273 121 222 74 245 
223 418 229 65 278 97 231 32 155 17 242 37 129 60 245 22 89 328 256 25 94 324 215 129 327 578 252 44 207 168 246 54 210 595 231 88 286 516 259 44 185 678 223 92 286 110 221 66 234 
224 418 229 65 278 97 231 32 155 17 242 37 129 60 245 22 89 328 256 25 94 324 215 129 327 578 252 44 207 168 246 54 210 595 231 88 286 516 259 44 185 678 223 92 286 110 221 66 234 
225 418 229 65 278 97 231 32 155 17 242 37 129 60 245 22 89 328 256 25 94 324 215 129 327 578 252 44 207 168 246 54 210 595 231 88 286 516 259 44 185 678 223 92 286 110 221 66 234 
226 418 229 65 278 97 231 32 155 17 242 37 129 60 245 22 89 328 256 25 94 324 215 129 327 578 252 44 207 168 246 54 210 595 231 88 286 516 259 44 185 678 223 92 286 110 221 66 234 
227 548 263 34 168 328 252 23 99 59 245 23 89 385 224 65 257 20 240 38 132 516 264 42 177 572 257 43 198 148 242 44 195 436 239 42 188 679 226 78 279 335 207 99 326 608 225 93 295 96 218 65 238 
228 548 263 34 168 328 252 23 99 59 245 23 89 385 224 65 257 20 240 38 132 516 264 42 177 572 257 43 198 148 242 44 195 436 239 42 188 679 226 78 279 335 207 99 326 608 225 93 295 96 218 65 238 
229 548 263 34 168 328 252 23 99 59 245 23 89 385 224 65 257 20 240 38 132 516 264 42 177 572 257 43 198 148 242 44 195 436 239 42 188 679 226 78 279 335 207 99 326 608 225 93 295 96 218 65 238 
230 548 263 34 168 328 252 23 99 59 245 23 89 385 224 65 257 20 240 38 132 516 264 42 177 572 257 43 198 148 242 44 195 436 239 42 188 679 226 78 279 335 207 99 326 608 225 93 295 96 218 65 238 
231 477 258 20 89 752 266 26 90 603 266 34 167 550 256 41 196 55 244 26 88 575 258 36 195 15 240 37 131 511 288 41 156 137 231 41 210 678 225 71 280 435 243 45 180 374 220 67 267 77 219 76 232 612 226 90 295 309 196 76 344 
232 477 258 20 89 752 266 26 90 603 266 34 167 550 256 41 196 55 244 26 88 575 258 36 195 15 240 37 131 511 288 41 156 137 231 41 210 678 225 71 280 435 243 45 180 374 220 67 267 77 219 76 232 612 226 90 295 309 196 76 344 
233 477 258 20 89 752 266 26 90 603 266 34 167 550 256 41 196 55 244 26 88 575 258 36 195 15 240 37 131 511 288 41 156 137 231 41 210 678 225 71 280 435 243 45 180 374 220 67 267 77 219 76 232 612 226 90 295 309 196 76 344 
234 477 258 20 89 752 266 26 90 603 266 34 167 550 256 41 196 55 244 26 88 575 258 36 195 15 240 37 131 511 288 41 156 137 231 41 210 678 225 71 280 435 243 45 180 374 220 67 267 77 219 76 232 612 226 90 295 309 196 76 344 
235 602 267 31 163 732 258 31 162 57 245 22 87 590 262 35 182 16 242 39 132 506 297 38 144 123 230 50 215 548 258 53 195 680 228 62 276 354 220 75 268 70 221 68 227 432 245 50 177 272 198 96 340 616 232 83 289 
236 602 267 31 163 732 258 31 162 57 245 22 87 590 262 35 182 16 242 39 132 506 297 38 144 123 230 50 215 548 258 53 195 680 228 62 276 354 220 75 268 70 221 68 227 432 245 50 177 272 198 96 340 616 232 83 289 
237 602 267 31 163 732 258 31 162 57 245 22 87 590 262 35 182 16 242 39 132 506 297 38 144 123 230 50 215 548 258 53 195 680 228 62 276 354 220 75 268 70 221 68 227 432 245 50 177 272 198 96 340 616 232 83 289 
238 602 267 31 163 732 258 31 162 57 245 22 87 590 262 35 182 16 242 39 132 506 297 38 144 123 230 50 215 548 258 53 195 680 228 62 276 354 220 75 268 70 221 68 227 432 245 50 177 272 198 96 340 616 232 83 289 
239 511 268 36 152 590 264 35 179 110 243 43 188 152 253 26 106 730 259 33 165 682 238 57 261 20 240 36 136 495 305 42 138 550 257 49 197 50 222 73 224 346 228 66 252 433 246 50 174 618 233 81 284 243 215 116 305 
240 511 268 36 152 590 264 35 179 110 243 43 188 152 253 26 106 730 259 33 165 682 238 57 261 20 240 36 136 495 305 42 138 550 257 49 197 50 222 73 224 346 228 66 252 433 246 50 174 618 233 81 284 243 215 116 305 
241 511 268 36 152 590 264 35 179 110 243 43 188 152 253 26 106 730 259 33 165 682 238 57 261 20 240 36 136 495 305 42 138 550 257 49 197 50 222 73 224 346 228 66 252 433 246 50 174 618 233 81 284 243 215 116 305 
242 511 268 36 152 590 264 35 179 110 243 43 188 152 253 26 106 730 259 33 165 682 238 57 261 20 240 36 136 495 305 42 138 550 257 49 197 50 222 73 224 346 228 66 252 433 246 50 174 618 233 81 284 243 215 116 305 
243 19 240 34 136 368 252 35 142 692 230 39 182 581 260 40 179 152 253 27 102 97 244 44 181 549 259 52 190 487 293 42 152 727 258 37 166 432 246 51 174 30 222 84 226 326 223 60 255 245 212 85 305 617 227 84 295 
244 19 240 34 136 368 252 35 142 692 230 39 182 581 260 40 179 152 253 27 102 97 244 44 181 549 259 52 190 487 293 42 152 727 258 37 166 432 246 51 174 30 222 84 226 326 223 60 255 245 212 85 305 617 227 84 295 
245 19 240 34 136 368 252 35 142 692 230 39 182 581 260 40 179 152 253 27 102 97 244 44 181 549 259 52 190 487 293 42 152 727 258 37 166 432 246 51 174 30 222 84 226 326 223 60 255 245 212 85 305 617 227 84 295 
246 19 240 34 136 368 252 35 142 692 230 39 182 581 260 40 179 152 253 27 102 97 244 44 181 549 259 52 190 487 293 42 152 727 258 37 166 432 246 51 174 30 222 84 226 326 223 60 255 245 212 85 305 617 227 84 295 
247 196 259 22 91 576 261 35 174 146 247 33 112 765 267 30 86 691 233 39 172 122 231 29 124 160 258 24 92 370 266 33 138 81 252 49 181 546 261 53 191 483 301 38 147 726 255 43 167 23 230 86 214 225 189 72 332 613 227 90 302 433 247 49 174 308 230 66 241 
248 196 259 22 91 576 261 35 174 146 247 33 112 765 267 30 86 691 233 39 172 122 231 29 124 160 258 24 92 370 266 33 138 81 252 49 181 546 261 53 191 483 301 38 147 726 255 43 167 23 230 86 214 225 189 72 332 613 227 90 302 433 247 49 174 308 230 66 241 
249 196 259 22 91 576 261 35 174 146 247 33 112 765 267 30 86 691 233 39 172 122 231 29 124 160 258 24 92 370 266 33 138 81 252 49 181 546 261 53 191 483 301 38 147 726 255 43 167 23 230 86 214 225 189 72 332 613 227 90 302 433 247 49 174 308 230 66 241 
250 196 259 22 91 576 261 35 174 146 247 33 112 765 267 30 86 691 233 39 172 122 231 29 124 160 258 24 92 370 266 33 138 81 252 49 181 546 261 53 191 483 301 38 147 726 255 43 167 23 230 86 214 225 189 72 332 613 227 90 302 433 247 49 174 308 230 66 241 
251 767 267 31 86 518 264 37 180 163 246 23 100 0 233 24 295 684 235 53 268 67 249 55 181 579 263 33 173 118 235 37 124 545 262 43 186 364 266 37 138 483 298 38 154 728 255 43 170 12 214 66 219 615 227 92 309 433 246 50 176 299 227 68 242 183 205 109 297 
252 767 267 31 86 518 264 37 180 163 246 23 100 0 233 24 295 684 235 53 268 67 249 55 181 579 263 33 173 118 235 37 124 545 262 43 186 364 266 37 138 483 298 38 154 728 255 43 170 12 214 66 219 615 227 92 309 433 246 50 176 299 227 68 242 183 205 109 297 
253 767 267 31 86 518 264 37 180 163 246 23 100 0 233 24 295 684 235 53 268 67 249 55 181 579 263 33 173 118 235 37 124 545 262 43 186 364 266 37 138 483 298 38 154 728 255 43 170 12 214 66 219 615 227 92 309 433 246 50 176 299 227 68 242 183 205 109 297 
254 767 267 31 86 518 264 37 180 163 246 23 100 0 233 24 295 684 235 53 268 67 249 55 181 579 263 33 173 118 235 37 124 545 262 43 186 364 266 37 138 483 298 38 154 728 255 43 170 12 214 66 219 615 227 92 309 433 246 50 176 299 227 68 242 183 205 109 297 
255 773 268 26 81 684 235 54 270 2 251 28 249 520 261 35 184 51 235 45 176 12 214 49 208 161 247 24 98 123 233 40 128 582 264 42 175 730 254 42 173 546 261 41 184 481 301 35 152 368 263 38 143 189 203 81 304 617 226 93 312 435 248 44 174 293 227 53 229 
256 773 268 26 81 684 235 54 270 2 251 28 249 520 261 35 184 51 235 45 176 12 214 49 208 161 247 24 98 123 233 40 128 582 264 42 175 730 254 42 173 546 261 41 184 481 301 35 152 368 263 38 143 189 203 81 304 617 226 93 312 435 248 44 174 293 227 53 229 
257 773 268 26 81 684 235 54 270 2 251 28 249 520 261 35 184 51 235 45 176 12 214 49 208 161 247 24 98 123 233 40 128 582 264 42 175 730 254 42 173 546 261 41 184 481 301 35 152 368 263 38 143 189 203 81 304 617 226 93 312 435 248 44 174 293 227 53 229 
258 773 268 26 81 684 235 54 270 2 251 28 249 520 261 35 184 51 235 45 176 12 214 49 208 161 247 24 98 123 233 40 128 582 264 42 175 730 254 42 173 546 261 41 184 481 301 35 152 368 263 38 143 189 203 81 304 617 226 93 312 435 248 44 174 293 227 53 229 
259 43 233 42 183 161 242 22 120 331 255 20 100 30 246 47 184 519 256 39 197 0 244 39 263 478 297 37 160 124 239 37 126 729 254 44 178 555 260 37 181 586 259 44 184 362 252 40 148 273 226 61 226 620 226 95 313 434 246 45 179 171 197 75 306 
260 43 233 42 183 161 242 22 120 331 255 20 100 30 246 47 184 519 256 39 197 0 244 39 263 478 297 37 160 124 239 37 126 729 254 44 178 555 260 37 181 586 259 44 184 362 252 40 148 273 226 61 226 620 226 95 313 434 246 45 179 171 197 75 306 
261 43 233 42 183 161 242 22 120 331 255 20 100 30 246 47 184 519 256 39 197 0 244 39 263 478 297 37 160 124 239 37 126 729 254 44 178 555 260 37 181 586 259 44 184 362 252 40 148 273 226 61 226 620 226 95 313 434 246 45 179 171 197 75 306 
262 43 233 42 183 161 242 22 120 331 255 20 100 30 246 47 184 519 256 39 197 0 244 39 263 478 297 37 160 124 239 37 126 729 254 44 178 555 260 37 181 586 259 44 184 362 252 40 148 273 226 61 226 620 226 95 313 434 246 45 179 171 197 75 306 
263 448 255 44 179 327 256 26 99 58 247 24 86 470 305 39 144 518 257 45 192 128 240 34 123 729 257 44 177 1 239 68 267 586 258 46 190 554 260 38 181 361 252 38 146 435 244 43 184 622 233 93 304 254 232 73 213 155 205 76 296 
264 448 255 44 179 327 256 26 99 58 247 24 86 470 305 39 144 518 257 45 192 128 240 34 123 729 257 44 177 1 239 68 267 586 258 46 190 554 260 38 181 361 252 38 146 435 244 43 184 622 233 93 304 254 232 73 213 155 205 76 296 
265 448 255 44 179 327 256 26 99 58 247 24 86 470 305 39 144 518 257 45 192 128 240 34 123 729 257 44 177 1 239 68 267 586 258 46 190 554 260 38 181 361 252 38 146 435 244 43 184 622 233 93 304 254 232 73 213 155 205 76 296 
266 448 255 44 179 327 256 26 99 58 247 24 86 470 305 39 144 518 257 45 192 128 240 34 123 729 257 44 177 1 239 68 267 586 258 46 190 554 260 38 181 361 252 38 146 435 244 43 184 622 233 93 304 254 232 73 213 155 205 76 296 
267 129 235 32 117 57 248 25 80 597 254 48 196 327 258 25 94 553 260 40 181 512 255 50 194 729 254 46 182 459 303 47 158 364 259 36 149 623 230 89 310 436 248 40 172 140 204 94 295 248 226 68 219 1 233 81 279 
268 129 235 32 117 57 248 25 80 597 254 48 196 327 258 25 94 553 260 40 181 512 255 50 194 729 254 46 182 459 303 47 158 364 259 36 149 623 230 89 310 436 248 40 172 140 204 94 295 248 226 68 219 1 233 81 279 
269 129 235 32 117 57 248 25 80 597 254 48 196 327 258 25 94 553 260 40 181 512 255 50 194 729 254 46 182 459 303 47 158 364 259 36 149 623 230 89 310 436 248 40 172 140 204 94 295 248 226 68 219 1 233 81 279 
270 129 235 32 117 57 248 25 80 597 254 48 196 327 258 25 94 553 260 40 181 512 255 50 194 729 254 46 182 459 303 47 158 364 259 36 149 623 230 89 310 436 248 40 172 140 204 94 295 248 226 68 219 1 233 81 279 
271 186 246 28 134 447 252 47 189 61 245 22 85 588 265 44 180 649 224 78 308 197 259 22 98 689 229 54 279 600 253 47 204 451 295 50 171 733 250 45 190 436 246 39 179 328 257 26 95 548 261 45 184 506 260 51 187 363 260 37 146 627 229 82 310 241 218 53 235 0 222 85 297 128 212 78 273 
272 186 246 28 134 447 252 47 189 61 245 22 85 588 265 44 180 649 224 78 308 197 259 22 98 689 229 54 279 600 253 47 204 451 295 50 171 733 250 45 190 436 246 39 179 328 257 26 95 548 261 45 184 506 260 51 187 363 260 37 146 627 229 82 310 241 218 53 235 0 222 85 297 128 212 78 273 
273 186 246 28 134 447 252 47 189 61 245 22 85 588 265 44 180 649 224 78 308 197 259 22 98 689 229 54 279 600 253 47 204 451 295 50 171 733 250 45 190 436 246 39 179 328 257 26 95 548 261 45 184 506 260 51 187 363 260 37 146 627 229 82 310 241 218 53 235 0 222 85 297 128 212 78 273 
274 186 246 28 134 447 252 47 189 61 245 22 85 588 265 44 180 649 224 78 308 197 259 22 98 689 229 54 279 600 253 47 204 451 295 50 171 733 250 45 190 436 246 39 179 328 257 26 95 548 261 45 184 506 260 51 187 363 260 37 146 627 229 82 310 241 218 53 235 0 222 85 297 128 212 78 273 
275 432 249 42 119 599 267 45 197 589 266 42 199 735 251 44 191 329 255 27 98 544 258 46 193 689 225 53 288 441 298 52 163 364 260 38 146 503 256 48 195 237 226 47 219 617 227 88 338 7 223 88 294 115 204 72 279 
276 432 249 42 119 599 267 45 197 589 266 42 199 735 251 44 191 329 255 27 98 544 258 46 193 689 225 53 288 441 298 52 163 364 260 38 146 503 256 48 195 237 226 47 219 617 227 88 338 7 223 88 294 115 204 72 279 
277 432 249 42 119 599 267 45 197 589 266 42 199 735 251 44 191 329 255 27 98 544 258 46 193 689 225 53 288 441 298 52 163 364 260 38 146 503 256 48 195 237 226 47 219 617 227 88 338 7 223 88 294 115 204 72 279 
278 432 249 42 119 599 267 45 197 589 266 42 199 735 251 44 191 329 255 27 98 544 258 46 193 689 225 53 288 441 298 52 163 364 260 38 146 503 256 48 195 237 226 47 219 617 227 88 338 7 223 88 294 115 204 72 279 
279 195 262 23 88 166 252 23 103 330 256 26 97 589 262 45 206 436 293 41 169 737 251 43 192 364 261 40 146 222 234 55 207 544 259 47 188 688 224 55 289 500 259 50 181 612 230 90 330 96 210 81 268 21 214 88 314 
280 195 262 23 88 166 252 23 103 330 256 26 97 589 262 45 206 436 293 41 169 737 251 43 192 364 261 40 146 222 234 55 207 544 259 47 188 688 224 55 289 500 259 50 181 612 230 90 330 96 210 81 268 21 214 88 314 
281 195 262 23 88 166 252 23 103 330 256 26 97 589 262 45 206 436 293 41 169 737 251 43 192 364 261 40 146 222 234 55 207 544 259 47 188 688 224 55 289 500 259 50 181 612 230 90 330 96 210 81 268 21 214 88 314 
282 195 262 23 88 166 252 23 103 330 256 26 97 589 262 45 206 436 293 41 169 737 251 43 192 364 261 40 146 222 234 55 207 544 259 47 188 688 224 55 289 500 259 50 181 612 230 90 330 96 210 81 268 21 214 88 314 
283 163 252 26 102 452 250 37 174 150 240 31 125 426 292 43 175 331 257 26 96 433 240 45 215 739 249 43 197 365 262 40 145 589 258 45 214 211 234 50 204 543 259 49 186 500 259 50 183 618 219 72 331 685 220 63 303 98 221 73 253 36 227 80 302 
284 163 252 26 102 452 250 37 174 150 240 31 125 426 292 43 175 331 257 26 96 433 240 45 215 739 249 43 197 365 262 40 145 589 258 45 214 211 234 50 204 543 259 49 186 500 259 50 183 618 219 72 331 685 220 63 303 98 221 73 253 36 227 80 302 
285 163 252 26 102 452 250 37 174 150 240 31 125 426 292 43 175 331 257 26 96 433 240 45 215 739 249 43 197 365 262 40 145 589 258 45 214 211 234 50 204 543 259 49 186 500 259 50 183 618 219 72 331 685 220 63 303 98 221 73 253 36 227 80 302 
286 163 252 26 102 452 250 37 174 150 240 31 125 426 292 43 175 331 257 26 96 433 240 45 215 739 249 43 197 365 262 40 145 589 258 45 214 211 234 50 204 543 259 49 186 500 259 50 183 618 219 72 331 685 220 63 303 98 221 73 253 36 227 80 302 
287 168 254 22 98 413 292 48 173 95 219 49 193 446 252 42 166 331 259 25 94 429 250 48 186 142 238 34 128 741 250 43 195 588 261 44 209 364 263 39 142 205 233 48 200 491 265 55 167 543 260 48 183 617 217 70 323 685 224 64 292 38 222 93 306 
288 168 254 22 98 413 292 48 173 95 219 49 193 446 252 42 166 331 259 25 94 429 250 48 186 142 238 34 128 741 250 43 195 588 261 44 209 364 263 39 142 205 233 48 200 491 265 55 167 543 260 48 183 617 217 70 323 685 224 64 292 38 222 93 306 
289 168 254 22 98 413 292 48 173 95 219 49 193 446 252 42 166 331 259 25 94 429 250 48 186 142 238 34 128 741 250 43 195 588 261 44 209 364 263 39 142 205 233 48 200 491 265 55 167 543 260 48 183 617 217 70 323 685 224 64 292 38 222 93 306 
290 168 254 22 98 413 292 48 173 95 219 49 193 446 252 42 166 331 259 25 94 429 250 48 186 142 238 34 128 741 250 43 195 588 261 44 209 364 263 39 142 205 233 48 200 491 265 55 167 543 260 48 183 617 217 70 323 685 224 64 292 38 222 93 306 
291 23 239 42 143 445 251 44 149 169 249 22 107 744 254 38 191 597 245 77 306 330 262 25 92 406 307 37 158 616 214 70 329 141 243 38 118 190 237 57 193 434 250 46 171 590 266 41 204 365 262 38 143 685 220 77 297 545 260 47 183 488 267 55 169 55 227 86 298 
292 23 239 42 143 445 251 44 149 169 249 22 107 744 254 38 191 597 245 77 306 330 262 25 92 406 307 37 158 616 214 70 329 141 243 38 118 190 237 57 193 434 250 46 171 590 266 41 204 365 262 38 143 685 220 77 297 545 260 47 183 488 267 55 169 55 227 86 298 
293 23 239 42 143 445 251 44 149 169 249 22 107 744 254 38 191 597 245 77 306 330 262 25 92 406 307 37 158 616 214 70 329 141 243 38 118 190 237 57 193 434 250 46 171 590 266 41 204 365 262 38 143 685 220 77 297 545 260 47 183 488 267 55 169 55 227 86 298 
294 23 239 42 143 445 251 44 149 169 249 22 107 744 254 38 191 597 245 77 306 330 262 25 92 406 307 37 158 616 214 70 329 141 243 38 118 190 237 57 193 434 250 46 171 590 266 41 204 365 262 38 143 685 220 77 297 545 260 47 183 488 267 55 169 55 227 86 298 
295 167 259 23 88 330 260 23 95 590 265 38 172 19 238 38 140 141 244 37 115 598 233 75 304 175 218 66 214 689 224 84 291 396 309 41 159 365 262 33 144 434 245 48 177 544 260 48 181 486 264 51 172 64 224 83 311 
296 167 259 23 88 330 260 23 95 590 265 38 172 19 238 38 140 141 244 37 115 598 233 75 304 175 218 66 214 689 224 84 291 396 309 41 159 365 262 33 144 434 245 48 177 544 260 48 181 486 264 51 172 64 224 83 311 
297 167 259 23 88 330 260 23 95 590 265 38 172 19 238 38 140 141 244 37 115 598 233 75 304 175 218 66 214 689 224 84 291 396 309 41 159 365 262 33 144 434 245 48 177 544 260 48 181 486 264 51 172 64 224 83 311 
298 167 259 23 88 330 260 23 95 590 265 38 172 19 238 38 140 141 244 37 115 598 233 75 304 175 218 66 214 689 224 84 291 396 309 41 159 365 262 33 144 434 245 48 177 544 260 48 181 486 264 51 172 64 224 83 311 
